src/assets/data/latest.json
{"header": {"discipline":0,"disciplineName":"Meteorological products","gribEdition":2,"gribLength":78590,"center":7,"centerName":"US National Weather Service - NCEP(WMC)","subcenter":0,"refTime":"2023-01-30T18:00:00.000Z","significanceOfRT":1,"significanceOfRTName":"Start of forecast","productStatus":0,"productStatusName":"Operational products","productType":1,"productTypeName":"Forecast products","productDefinitionTemplate":0,"productDefinitionTemplateName":"Analysis/forecast at horizontal level/layer at a point in time","parameterCategory":2,"parameterCategoryName":"Momentum","parameterNumber":3,"parameterNumberName":"V-component_of_wind","parameterUnit":"m.s-1","genProcessType":2,"genProcessTypeName":"Forecast","forecastTime":0,"surface1Type":103,"surface1TypeName":"Specified height level above ground","surface1Value":10.0,"surface2Type":255,"surface2TypeName":"Missing","surface2Value":0.0,"gridDefinitionTemplate":0,"gridDefinitionTemplateName":"Latitude_Longitude","numberPoints":65160,"shape":6,"shapeName":"Earth spherical with radius of 6,371,229.0 m","gridUnits":"degrees","resolution":48,"winds":"true","scanMode":0,"nx":360,"ny":181,"basicAngle":0,"lo1":0.0,"la1":90.0,"lo2":359.0,"la2":-90.0,"dx":1.0,"dy":1.0}, "data":
[rows 0 to 25 of 181, columns 236 to 294 of 360]
-2.130476,-2.1904762,-2.260476,-2.320476,-2.380476,-2.4504762,-2.510476,-2.570476,-2.630476,-2.6904762,-2.7504761,-2.800476,-2.860476,-2.910476,-2.9704762,-3.020476,-3.080476,-3.130476,-3.1804762,-3.2304761,-3.280476,-3.330476,-3.370476,-3.420476,-3.4604762,-3.510476,-3.550476,-3.590476,-3.630476,-3.670476,-3.7104762,-3.7504761,-3.780476,-3.820476,-3.850476,-3.880476,-3.920476,-3.9504762,-3.9804761,-4.000476,-4.030476,-4.0604763,-4.0804763,-4.1004763,-4.1204762,-4.140476,-4.160476,-4.180476,-4.200476,-4.210476,-4.230476,-4.240476,-4.250476,-4.260476,-4.270476,-4.280476,-4.280476,-4.290476,-4.290476
-2.280476,-2.370476,-2.4704762,-2.560476,-2.660476,-2.760476,-2.850476,-2.9404762,-3.040476,-3.130476,-3.2104762,-3.300476,-3.380476,-3.4604762,-3.530476,-3.610476,-3.670476,-3.7404761,-3.810476,-3.860476,-3.9304762,-3.9904761,-4.050476,-4.110476,-4.170476,-4.230476,-4.280476,-4.340476,-4.390476,-4.450476,-4.500476,-4.550476,-4.6004763,-4.650476,-4.690476,-4.730476,-4.770476,-4.800476,-4.820476,-4.8504763,-4.8704762,-4.880476,-4.900476,-4.920476,-4.950476,-4.970476,-4.990476,-5.020476,-5.040476,-5.0604763,-5.070476,-5.0804763,-5.090476,-5.090476,-5.090476,-5.090476,-5.0804763,-5.0604763,-5.050476
-2.9404762,-3.090476,-3.2404761,-3.390476,-3.540476,-3.6804762,-3.820476,-3.9504762,-4.050476,-4.130476,-4.200476,-4.270476,-4.340476,-4.400476,-4.460476,-4.520476,-4.6004763,-4.660476,-4.730476,-4.800476,-4.8504763,-4.900476,-4.950476,-5.020476,-5.0804763,-5.140476,-5.200476,-5.250476,-5.300476,-5.340476,-5.380476,-5.420476,-5.460476,-5.490476,-5.530476,-5.5604763,-5.590476,-5.630476,-5.650476,-5.660476,-5.670476,-5.680476,-5.670476,-5.660476,-5.640476,-5.630476,-5.630476,-5.640476,-5.630476,-5.6204762,-5.610476,-5.6004763,-5.5804763,-5.5604763,-5.540476,-5.520476,-5.500476,-5.470476,-5.440476
-3.150476,-3.280476,-3.420476,-3.550476,-3.6804762,-3.820476,-3.9404762,-4.0604763,-4.190476,-4.3104763,-4.430476,-4.550476,-4.670476,-4.790476,-4.900476,-5.000476,-5.090476,-5.160476,-5.230476,-5.3104763,-5.3704762,-5.430476,-5.480476,-5.520476,-5.5804763,-5.630476,-5.6204762,-5.610476,-5.590476,-5.5604763,-5.530476,-5.530476,-5.530476,-5.520476,-5.480476,-5.430476,-5.400476,-5.3704762,-5.3304763,-5.340476,-5.3104763,-5.320476,-5.3704762,-5.410476,-5.400476,-5.390476,-5.380476,-5.3304763,-5.300476,-5.270476,-5.260476,-5.250476,-5.180476,-5.1004763,-5.030476,-4.970476,-4.910476,-4.890476,-4.900476
-3.520476,-3.7004762,-3.890476,-4.0804763,-4.230476,-4.3704762,-4.520476,-4.670476,-4.820476,-4.930476,-5.030476,-5.0804763,-5.1204762,-5.1204762,-5.110476,-5.140476,-5.130476,-5.0804763,-5.050476,-5.050476,-5.110476,-5.190476,-5.340476,-5.510476,-5.670476,-5.8104763,-5.8104763,-5.8104763,-5.860476,-5.8504763,-5.730476,-5.630476,-5.540476,-5.550476,-5.6004763,-5.6204762,-5.610476,-5.5804763,-5.530476,-5.540476,-5.5604763,-5.6204762,-5.650476,-5.680476,-5.680476,-5.700476,-5.730476,-5.690476,-5.610476,-5.530476,-5.480476,-5.500476,-5.540476,-5.540476,-5.540476,-5.500476,-5.450476,-5.400476,-5.320476
-4.1004763,-4.290476,-4.460476,-4.640476,-4.760476,-4.820476,-4.860476,-4.890476,-4.920476,-5.020476,-5.160476,-5.270476,-5.340476,-5.380476,-5.410476,-5.430476,-5.470476,-5.6004763,-5.730476,-5.8504763,-5.900476,-5.890476,-5.8504763,-5.820476,-5.800476,-5.780476,-5.770476,-5.820476,-5.890476,-5.930476,-5.940476,-5.930476,-5.890476,-5.8704762,-5.8704762,-5.880476,-5.900476,-5.930476,-6.000476,-6.0604763,-6.110476,-6.200476,-6.320476,-6.460476,-6.5804763,-6.590476,-6.530476,-6.450476,-6.340476,-6.240476,-6.190476,-6.170476,-6.110476,-6.110476,-6.070476,-5.930476,-5.8104763,-5.700476,-5.5604763
-4.5804763,-4.700476,-4.8104763,-4.990476,-5.170476,-5.280476,-5.360476,-5.420476,-5.470476,-5.510476,-5.540476,-5.5604763,-5.5604763,-5.6004763,-5.640476,-5.650476,-5.5804763,-5.550476,-5.480476,-5.390476,-5.3704762,-5.480476,-5.5604763,-5.700476,-5.890476,-6.070476,-6.200476,-6.220476,-6.210476,-6.200476,-6.160476,-6.090476,-6.030476,-5.960476,-5.910476,-5.890476,-5.890476,-5.940476,-5.970476,-5.940476,-5.820476,-5.670476,-5.5604763,-5.480476,-5.360476,-5.1204762,-4.8504763,-4.700476,-4.6204762,-4.540476,-4.470476,-4.450476,-4.500476,-4.500476,-4.550476,-4.540476,-4.470476,-4.430476,-4.300476
-4.640476,-4.740476,-4.940476,-5.170476,-5.240476,-5.300476,-5.300476,-5.480476,-5.550476,-5.430476,-5.360476,-5.450476,-5.500476,-5.660476,-5.960476,-6.0804763,-6.130476,-6.140476,-6.200476,-6.250476,-6.290476,-6.3504763,-6.3704762,-6.3304763,-6.270476,-6.210476,-6.1004763,-5.970476,-5.800476,-5.640476,-5.510476,-5.430476,-5.420476,-5.430476,-5.480476,-5.430476,-5.450476,-5.410476,-5.3304763,-4.8504763,-3.780476,-2.380476,-0.6004761,0.73952395,1.1295239,0.8495239,0.34952393,-0.030476075,-0.45047608,-1.100476,-1.2904761,-0.49047607,-0.82047606,-1.220476,-1.0004761,-1.8104761,-3.7304761,-5.090476,-3.9304762
-4.760476,-4.780476,-4.8304763,-4.840476,-4.970476,-5.230476,-5.450476,-5.720476,-5.8104763,-5.890476,-5.940476,-5.940476,-6.030476,-6.110476,-6.190476,-6.270476,-6.260476,-6.3304763,-6.430476,-6.480476,-6.610476,-6.690476,-6.690476,-6.640476,-6.640476,-6.660476,-6.550476,-6.390476,-6.390476,-5.8104763,-4.1204762,-2.760476,-1.980476,-1.5304761,-1.5204761,-0.9104761,-0.45047608,0.9595239,1.0595239,-0.44047606,-0.6504761,0.019523926,0.74952394,0.67952394,0.41952392,0.009523925,-2.2504761,-4.020476,-4.0604763,-2.1904762,-2.350476,-3.4504762,-2.840476,-1.1904761,-0.33047608,-0.10047607,0.14952393,-0.37047607,-0.8504761
-4.940476,-5.170476,-5.380476,-5.5604763,-5.670476,-5.770476,-5.860476,-5.950476,-6.160476,-6.420476,-6.610476,-6.720476,-6.820476,-6.890476,-6.970476,-7.040476,-7.030476,-6.940476,-6.980476,-7.200476,-7.520476,-7.610476,-7.440476,-6.820476,-6.160476,-6.0804763,-6.490476,-6.690476,-6.400476,-3.550476,-0.49047607,0.67952394,0.47952393,-2.110476,-1.820476,-0.7404761,-0.45047608,-0.17047608,0.7295239,-0.11047608,-1.9204761,-3.2004762,-2.9704762,-2.4904761,-1.600476,-1.7704761,-2.100476,-1.6204761,-0.93047607,0.66952395,3.8195238,3.629524,2.729524,2.679524,2.389524,-0.29047608,-2.300476,-2.320476,-5.440476
-5.3104763,-5.520476,-5.8704762,-6.260476,-6.6204762,-6.800476,-6.900476,-6.890476,-6.770476,-6.640476,-6.540476,-6.670476,-6.570476,-6.220476,-5.770476,-5.090476,-4.690476,-4.570476,-4.450476,-4.410476,-4.280476,-4.210476,-4.340476,-4.550476,-5.210476,-5.890476,-5.160476,-3.330476,0.25952393,1.0995239,-0.17047608,-1.1204761,0.24952392,1.519524,1.0695239,-0.5204761,-0.18047607,-1.360476,-2.330476,-1.6604761,-0.010476074,1.0895239,0.06952392,-0.20047608,-0.6504761,-2.330476,-3.1904762,-4.020476,-4.660476,-4.860476,-4.410476,-3.850476,-1.3004761,-1.2804761,-2.860476,-2.7204762,-0.6104761,-0.44047606,-1.0404761
-6.470476,-6.750476,-6.890476,-6.880476,-6.710476,-6.500476,-6.480476,-6.250476,-6.140476,-6.160476,-6.480476,-6.700476,-6.280476,-5.8504763,-5.400476,-5.260476,-5.140476,-5.170476,-4.920476,-4.570476,-4.400476,-4.020476,-3.2404761,-2.900476,-2.9404762,-2.4804761,-2.4704762,-2.350476,-2.300476,-2.350476,-1.350476,-0.20047608,0.7295239,1.3595239,0.5195239,-4.360476,-3.7504761,-2.550476,1.8595239,1.1295239,-0.16047607,-1.850476,-2.850476,0.08952393,2.669524,3.089524,3.8095238,3.089524,0.67952394,-1.0304761,-3.4604762,-3.800476,-3.800476,-2.4804761,1.0595239,2.209524,2.239524,2.849524,2.2495239
-7.390476,-7.5604763,-7.130476,-6.640476,-6.480476,-6.740476,-7.020476,-7.260476,-7.5604763,-7.840476,-7.690476,-7.460476,-6.880476,-6.450476,-6.470476,-6.550476,-6.110476,-5.570476,-4.860476,-4.020476,-3.660476,-3.6904762,-3.260476,-2.860476,-2.9604762,-3.350476,-2.030476,-1.360476,-1.960476,-2.420476,-2.9704762,-3.090476,-2.7504761,-1.7404761,-2.4504762,-3.040476,-2.1804762,-2.070476,-2.170476,-1.5404761,-3.050476,-3.630476,-0.14047608,-0.6104761,-1.830476,-2.560476,-5.500476,-4.950476,-7.550476,-13.970476,-16.770475,-8.770476,-3.400476,-5.670476,-6.390476,-4.0604763,-1.7404761,-2.760476,-2.4904761
-7.570476,-7.8104763,-7.910476,-7.980476,-7.800476,-7.380476,-7.550476,-7.530476,-7.1004763,-7.470476,-7.530476,-7.480476,-7.130476,-6.740476,-6.460476,-6.230476,-5.820476,-5.430476,-4.910476,-4.090476,-3.670476,-3.320476,-2.610476,-2.070476,-1.610476,-1.6204761,-2.0004761,-2.620476,0.3995239,1.139524,-0.5204761,-2.4404762,-2.510476,-2.1904762,-2.170476,-0.27047607,1.039524,0.93952394,1.769524,1.2295239,-1.700476,-2.4704762,0.7695239,0.46952394,-1.200476,0.7195239,1.3495239,-6.460476,-11.930476,-13.520476,-9.170476,-6.900476,-9.070477,-1.7904761,-4.160476,-2.050476,-0.030476075,1.2395239,3.329524
-5.920476,-6.260476,-6.110476,-6.740476,-6.550476,-4.990476,-6.3304763,-5.680476,-2.4904761,-2.4604762,-5.570476,-6.390476,-7.010476,-8.350476,-7.380476,-5.300476,-5.240476,-5.380476,-4.300476,-5.020476,-3.650476,-2.110476,-2.560476,-1.600476,-1.5204761,-1.980476,-3.370476,-4.1004763,-3.9704762,-2.800476,-3.7204762,-2.9504762,-3.340476,-1.2404761,0.80952394,-0.6604761,-0.4104761,0.73952395,0.7095239,0.9695239,1.139524,0.44952393,-0.28047606,-2.040476,0.13952392,-0.94047606,-6.780476,-10.830476,-12.450476,-11.250476,-8.660476,-6.8304763,-5.770476,-3.6904762,-2.9504762,-1.4204761,-2.850476,-3.050476,-2.570476
-5.1004763,-5.390476,-5.0804763,-5.3304763,-5.150476,-5.420476,-5.190476,-5.190476,-4.540476,-4.250476,-1.460476,-1.220476,-4.680476,-3.880476,-8.630476,-6.180476,-5.690476,-3.900476,-3.640476,-3.380476,-3.7204762,-4.690476,-3.540476,-2.9804761,-1.4904761,-0.020476075,-3.120476,-3.7004762,-4.390476,-4.000476,-3.570476,-5.960476,-3.7304761,-2.4504762,-2.520476,-4.690476,-3.550476,-2.9304762,-4.230476,-4.8704762,-0.9704761,-2.880476,-4.3704762,-2.050476,-0.40047607,-10.620476,-11.670476,-10.400476,-9.130476,-8.080476,-7.000476,-6.010476,-4.680476,-3.4904761,-2.7004762,-2.4804761,-2.170476,-2.330476,-2.2404761
-2.880476,-2.880476,-3.920476,-2.020476,-0.83047605,1.299524,-1.720476,-1.330476,-4.790476,-6.400476,-4.780476,-2.880476,-0.9204761,-1.470476,-2.320476,-5.410476,-4.250476,-4.930476,-4.680476,-4.540476,-4.680476,-3.6804762,-3.2004762,-2.640476,-1.3704761,-0.5904761,-0.5304761,-2.030476,-1.6904761,1.289524,-0.49047607,-0.30047607,1.5695239,0.08952393,-4.0604763,-3.9404762,-1.850476,1.7195239,2.479524,-1.0404761,-1.6304761,-1.700476,-1.330476,-1.8004761,0.20952393,0.35952392,-1.9404761,-4.1204762,-5.430476,-5.780476,-5.6004763,-4.960476,-3.920476,-3.370476,-3.060476,-2.760476,-2.610476,-2.640476,-2.600476
-3.050476,-1.950476,-2.060476,-2.160476,-2.300476,-1.1404761,-1.0004761,2.5295238,1.9595239,0.07952393,1.1895239,2.7995238,0.54952395,0.38952392,0.9095239,-2.2004762,-2.310476,-3.660476,-4.1004763,-3.370476,-3.060476,-3.4504762,-3.010476,-3.420476,-2.2004762,-1.4404761,0.009523925,-2.310476,-2.830476,-3.7304761,-4.300476,-4.390476,-5.070476,-3.330476,-7.0804763,-4.110476,-5.980476,-3.670476,-6.230476,0.5095239,0.61952394,-2.770476,-4.1204762,-2.130476,-0.8404761,-3.0004761,-5.140476,-5.1004763,-5.320476,-9.340476,-7.710476,-6.130476,-4.270476,-3.030476,-2.7304761,-2.830476,-2.300476,-0.82047606,-0.080476075
-3.640476,-2.280476,-0.70047605,-2.260476,-3.050476,-1.2804761,-2.110476,-0.19047607,0.20952393,0.06952392,0.32952392,1.1995239,-1.1504761,-2.040476,-4.020476,-3.010476,-3.6904762,-3.070476,-3.830476,-3.650476,-3.4704762,-3.350476,-2.7204762,-1.7704761,-2.910476,-3.2404761,-2.9504762,-2.830476,-2.300476,-0.34047607,-0.7304761,-2.0004761,-3.910476,-3.4704762,-1.0504761,-1.450476,-1.710476,-3.320476,-0.7304761,-0.26047608,0.029523926,-2.2404761,-1.3104761,0.30952394,0.68952394,0.81952393,-0.5504761,-3.0004761,-4.8704762,-0.8504761,-3.860476,-5.090476,-2.5004761,-2.170476,-2.410476,-2.300476,-2.320476,-1.8104761,-0.58047605
-3.380476,-1.110476,0.31952393,-2.040476,-2.370476,-4.140476,-2.540476,-2.2404761,-2.330476,-3.4704762,-2.870476,-2.260476,-3.2104762,-3.550476,-2.7204762,-2.9604762,-1.9004761,-3.9404762,-3.650476,-3.130476,-3.0004761,-3.260476,-3.590476,-3.6904762,-3.290476,-2.9604762,-3.510476,-2.510476,-0.68047607,-4.7607423E-4,-1.100476,-0.040476073,-1.7804761,-2.020476,-1.470476,-1.480476,0.5795239,0.44952393,0.46952394,0.7695239,-0.11047608,-0.63047606,-1.5104761,-1.700476,-1.1804761,-0.50047606,-0.37047607,-0.5204761,-1.1504761,-1.330476,-0.8004761,-1.2604761,-0.19047607,-0.49047607,-1.9004761,-4.360476,-4.680476,-4.540476,-4.140476
-0.69047606,1.7295239,1.7195239,-1.3804761,-2.770476,-4.510476,-3.350476,-1.320476,-2.050476,-2.7104762,-2.330476,-2.570476,-1.480476,-3.400476,-3.4304762,-3.6804762,-3.580476,-3.320476,-4.170476,-4.520476,-4.440476,-4.630476,-4.430476,-4.030476,-4.010476,-3.020476,-2.370476,-2.760476,-3.7404761,-2.7404761,-3.1804762,-2.080476,-4.1204762,-4.200476,-2.900476,-2.150476,-1.6704761,-1.6904761,-1.5104761,-1.8804761,-1.8004761,-1.470476,-1.210476,-1.6204761,-2.1904762,-1.450476,-0.43047607,1.4795239,0.5995239,1.3195239,1.7595239,-0.17047608,-0.26047608,-0.5304761,0.5095239,-0.07047608,-0.44047606,-5.570476,-5.490476
-0.5304761,-0.5404761,-2.790476,-2.2404761,-0.81047606,-1.6904761,-4.730476,-4.700476,-3.7304761,-1.8104761,-2.520476,-2.050476,-2.320476,-3.910476,-3.540476,-4.030476,-5.300476,-4.650476,-2.910476,-3.620476,-4.440476,-4.3304763,-4.520476,-4.470476,-4.070476,-3.850476,-3.860476,-3.760476,-4.000476,-3.7204762,-3.4304762,-2.310476,-2.090476,-3.340476,-2.860476,-1.4104761,-1.350476,-1.1304761,-0.040476073,0.10952392,0.039523926,0.07952393,-1.3004761,-1.9404761,-1.7704761,-1.360476,-0.68047607,-0.5504761,-0.9104761,-0.5304761,0.30952394,0.30952394,0.8495239,0.7295239,-0.45047608,-1.080476,-0.24047607,2.209524,0.34952393
-3.630476,-3.650476,-3.140476,-2.520476,-4.140476,-0.9204761,0.27952394,-1.360476,-3.4604762,-1.200476,-1.230476,-2.290476,-2.2404761,-2.2004762,-2.540476,-3.510476,-3.0004761,-1.5104761,-2.9304762,-3.790476,-3.7004762,-4.540476,-5.130476,-5.820476,-5.880476,-5.410476,-4.930476,-5.110476,-5.510476,-3.880476,-2.6904762,-0.56047606,-2.4704762,-2.890476,-1.590476,-1.1704761,-2.2204762,-0.5404761,1.159524,-0.45047608,-0.69047606,-1.2804761,-2.330476,-2.840476,-1.9304761,-1.4004761,-0.9204761,-0.46047607,-0.57047606,-0.25047606,0.3695239,0.80952394,0.7295239,1.019524,0.80952394,1.7595239,2.7995238,1.5595239,2.929524
-2.300476,-0.89047605,-1.1804761,-2.120476,-0.8604761,-1.7904761,-0.6004761,-2.010476,-2.050476,-2.1804762,-4.270476,-1.9904761,-2.760476,-2.560476,-3.610476,-3.5004761,-4.320476,-2.110476,-3.810476,-4.390476,-4.290476,-4.550476,-4.740476,-5.340476,-6.150476,-6.3704762,-5.920476,-6.0604763,-4.8704762,-1.9204761,-2.780476,-2.270476,-2.420476,-2.2104762,-2.260476,-2.590476,-2.330476,-1.7604761,-1.6304761,-2.840476,-1.720476,-2.760476,-3.660476,-4.8104763,-2.400476,-0.76047605,-0.26047608,-0.14047608,0.029523926,0.059523925,1.0795239,1.4695239,1.409524,1.1295239,0.029523926,-0.31047606,-0.62047607,-0.58047605,-0.94047606
-1.9304761,-0.120476075,-1.9904761,-3.800476,-4.1204762,-1.6404761,-0.44047606,-1.2504761,-2.010476,-1.7404761,-0.5304761,-1.200476,-2.900476,-2.2404761,-3.7404761,-5.690476,-5.280476,-6.640476,-5.740476,-5.530476,-5.930476,-6.3704762,-6.8704762,-7.000476,-7.190476,-7.5604763,-7.210476,-5.920476,-4.8104763,-4.530476,-4.3504763,-3.9504762,-4.000476,-2.570476,-2.7504761,-5.1004763,-4.8504763,-4.790476,-3.100476,-1.6504761,-2.4504762,-3.570476,-2.670476,-1.7804761,-0.7904761,0.009523925,0.3995239,0.8495239,0.56952393,0.74952394,1.139524,2.109524,2.439524,2.929524,3.2595239,2.709524,0.21952392,-0.46047607,-1.0404761
-1.2504761,-1.0204761,-1.3804761,0.80952394,-0.20047608,-0.4104761,-1.3104761,-1.4304761,-2.670476,-2.9504762,-3.130476,-3.2104762,-2.610476,-2.2204762,-3.840476,-4.260476,-2.9604762,-5.590476,-5.900476,-5.6204762,-5.640476,-5.680476,-7.090476,-8.040476,-8.690476,-7.960476,-7.710476,-7.440476,-7.3104763,-5.900476,-4.990476,-5.290476,-4.930476,-4.490476,-4.500476,-4.230476,-3.260476,-1.7904761,-1.4004761,-0.16047607,-0.18047607,0.68952394,0.6395239,0.37952393,0.5795239,0.23952393,1.3195239,2.589524,1.179524,1.3695239,2.199524,2.459524,2.2895238,3.459524,3.079524,2.629524,2.7795238,1.3195239,-1.0604761
