src/assets/data/latest.json
{"header": {"discipline":0,"disciplineName":"Meteorological products","gribEdition":2,"gribLength":50341,"center":7,"centerName":"US National Weather Service - NCEP(WMC)","subcenter":0,"refTime":"2023-01-30T18:00:00.000Z","significanceOfRT":1,"significanceOfRTName":"Start of forecast","productStatus":0,"productStatusName":"Operational products","productType":1,"productTypeName":"Forecast products","productDefinitionTemplate":0,"productDefinitionTemplateName":"Analysis/forecast at horizontal level/layer at a point in time","parameterCategory":0,"parameterCategoryName":"Temperature","parameterNumber":0,"parameterNumberName":"Temperature","parameterUnit":"K","genProcessType":2,"genProcessTypeName":"Forecast","forecastTime":0,"surface1Type":1,"surface1TypeName":"Ground or water surface","surface1Value":0.0,"surface2Type":255,"surface2TypeName":"Missing","surface2Value":0.0,"gridDefinitionTemplate":0,"gridDefinitionTemplateName":"Latitude_Longitude","numberPoints":65160,"shape":6,"shapeName":"Earth spherical with radius of 6,371,229.0 m","gridUnits":"degrees","resolution":48,"winds":"true","scanMode":0,"nx":360,"ny":181,"basicAngle":0,"lo1":0.0,"la1":90.0,"lo2":359.0,"la2":-90.0,"dx":1.0,"dy":1.0}, "data":
[rows 0 to 25 of 181, columns 240 to 299 of 360]
244.12195,244.12195,244.12195,244.12195,244.12195,244.12195,244.12195,244.12195,244.12195,244.12195,244.12195,244.12195,244.12195,244.12195,244.12195,244.12195,244.12195,244.12195,244.12195,244.12195,244.12195,244.12195,244.12195,244.12195,244.12195,244.12195,244.12195,244.12195,244.12195,244.12195,244.12195,244.12195,244.12195,244.12195,244.12195,244.12195,244.12195,244.12195,244.12195,244.12195,244.12195,244.12195,244.12195,244.12195,244.12195,244.12195,244.12195,244.12195,244.12195,244.12195,244.12195,244.12195,244.12195,244.12195,244.12195,244.12195,244.12195,244.12195,244.12195,244.12195
242.62195,242.62195,242.62195,242.62195,242.72195,242.72195,243.32195,243.32195,243.32195,243.32195,243.32195,243.32195,243.42195,243.52194,243.52194,243.52194,243.52194,243.52194,243.52194,243.52194,243.72195,243.82195,243.82195,243.82195,243.82195,243.82195,243.82195,243.82195,244.52194,244.72195,244.72195,244.72195,244.72195,244.72195,244.72195,244.32195,244.32195,244.32195,244.32195,244.32195,244.32195,244.32195,244.32195,244.32195,244.32195,244.32195,244.42195,244.42195,244.72195,244.72195,244.72195,244.32195,244.32195,244.32195,244.32195,244.12195,244.12195,244.12195,244.12195,244.12195
244.52194,244.32195,244.22195,244.22195,244.22195,244.22195,244.22195,244.22195,244.22195,244.72195,244.72195,244.72195,244.72195,244.72195,244.72195,244.72195,244.72195,244.12195,244.22195,244.22195,244.52194,244.62195,244.62195,244.72195,244.22195,244.22195,244.22195,244.22195,244.92195,244.92195,244.92195,244.82195,244.92195,244.92195,244.92195,244.92195,245.12195,245.12195,245.12195,245.12195,244.62195,244.62195,244.62195,244.92195,244.42195,244.42195,244.32195,244.32195,244.32195,244.32195,244.42195,244.32195,244.42195,244.42195,244.42195,244.42195,244.42195,244.42195,244.22195,244.02194
243.52194,243.52194,243.52194,243.82195,243.82195,243.82195,243.72195,243.72195,244.02194,244.02194,244.02194,243.92195,243.72195,243.22195,243.22195,243.22195,243.42195,243.42195,243.42195,243.42195,243.42195,243.42195,243.42195,243.02194,243.02194,242.92195,242.92195,242.92195,242.82195,243.52194,242.42195,242.42195,242.42195,242.12195,242.02194,241.82195,241.72195,241.72195,241.72195,242.02194,242.02194,241.52194,241.52194,241.42195,241.42195,241.42195,241.42195,241.42195,241.42195,241.42195,241.52194,241.32195,241.12195,241.12195,241.12195,241.12195,241.22195,241.22195,241.12195,241.12195
242.12195,242.12195,242.12195,241.82195,241.82195,241.82195,241.82195,241.82195,241.82195,242.12195,242.02194,242.12195,242.02194,241.62195,241.62195,241.52194,241.52194,241.72195,241.72195,241.82195,242.02194,242.12195,241.52194,241.52194,241.62195,241.62195,240.72195,240.72195,240.42195,240.52194,240.12195,240.22195,240.02194,240.02194,239.82195,239.92195,240.02194,240.12195,240.12195,240.22195,240.32195,240.32195,240.52194,240.72195,240.62195,240.52194,240.72195,240.72195,240.62195,240.82195,241.02194,241.02194,241.02194,241.32195,241.82195,241.42195,241.62195,242.12195,242.32195,242.32195
241.52194,241.42195,241.42195,241.42195,241.22195,241.32195,241.32195,241.22195,241.12195,241.12195,240.92195,240.92195,240.82195,240.92195,240.92195,241.02194,241.02194,241.02194,240.92195,240.62195,240.52194,240.52194,240.02194,240.12195,240.12195,240.22195,240.22195,240.22195,240.12195,240.22195,240.22195,240.22195,240.12195,240.12195,240.12195,240.52194,240.72195,241.12195,241.12195,241.92195,243.32195,243.42195,243.82195,244.12195,244.22195,244.92195,244.52194,245.22195,246.12195,245.72195,246.52194,246.62195,247.02194,247.62195,247.72195,248.02194,248.12195,248.22195,248.22195,248.72195
241.22195,241.52194,241.42195,241.42195,241.52194,241.62195,241.32195,241.52194,241.42195,241.22195,241.22195,240.82195,240.52194,240.12195,239.72195,239.72195,238.92195,239.02194,238.52194,238.52194,238.62195,238.62195,239.02194,239.12195,239.42195,239.62195,239.62195,239.62195,239.72195,239.82195,240.12195,240.02194,240.82195,241.72195,242.92195,243.42195,243.32195,244.02194,244.82195,245.32195,245.92195,246.42195,246.92195,247.12195,247.52194,247.82195,248.22195,248.42195,248.72195,248.72195,248.72195,248.92195,248.92195,249.02194,249.12195,249.22195,248.42195,247.52194,247.22195,247.22195
240.22195,240.02194,240.02194,240.92195,240.72195,239.42195,239.32195,239.52194,239.32195,239.22195,239.52194,239.82195,239.42195,239.32195,239.42195,239.52194,239.82195,240.12195,240.62195,241.12195,241.22195,241.22195,240.92195,240.92195,240.62195,240.52194,240.32195,240.22195,240.52194,241.02194,241.52194,241.82195,242.32195,243.72195,244.62195,245.52194,246.12195,247.72195,246.92195,245.32195,246.92195,247.32195,246.62195,247.52194,247.22195,248.32195,247.32195,246.72195,247.02194,247.22195,247.62195,248.22195,259.22195,253.02194,257.92194,250.22195,248.92195,249.12195,248.62195,248.62195
239.72195,239.82195,239.92195,240.22195,240.22195,240.42195,240.32195,240.52194,240.72195,241.12195,241.02194,241.02194,241.02194,241.22195,241.32195,241.32195,241.62195,241.62195,241.92195,241.52194,241.52194,242.32195,242.52194,242.22195,242.52194,242.72195,242.02194,240.12195,239.32195,237.92195,239.02194,236.12195,235.82195,237.62195,233.82195,234.22195,236.02194,232.92195,231.52194,234.32195,240.42195,243.22195,245.92195,246.52194,246.02194,245.02194,244.42195,246.32195,245.92195,242.22195,242.02194,242.12195,240.32195,242.52194,244.12195,242.62195,241.12195,243.22195,247.32195,248.42195
241.32195,241.42195,241.82195,241.92195,242.22195,243.62195,244.22195,244.22195,244.92195,244.72195,244.52194,244.22195,244.42195,245.12195,244.92195,244.92195,245.82195,246.52194,247.22195,247.72195,245.62195,243.42195,241.82195,240.02194,238.12195,230.22195,230.82195,231.42195,231.62195,235.22195,234.92195,237.12195,230.62195,234.42195,230.92195,234.62195,234.92195,236.42195,237.82195,237.42195,236.42195,234.42195,234.92195,232.72195,232.62195,237.52194,244.02194,243.52194,241.32195,238.72195,238.12195,237.42195,240.62195,245.12195,247.92195,245.72195,241.82195,238.22195,266.22195,240.82195
246.22195,246.52194,247.02194,246.72195,246.52194,246.22195,246.32195,247.32195,247.82195,248.42195,248.42195,247.82195,244.42195,242.12195,241.12195,240.42195,240.02194,239.92195,239.02194,238.12195,237.32195,237.02194,237.22195,234.92195,230.82195,236.12195,240.12195,239.32195,235.12195,240.92195,240.22195,236.72195,233.92195,239.82195,235.52194,231.02194,231.32195,233.22195,232.92195,235.52194,237.22195,238.42195,238.92195,237.12195,240.12195,240.12195,241.62195,241.42195,237.32195,236.12195,243.92195,245.42195,242.82195,237.42195,237.62195,239.32195,237.22195,234.02194,234.22195,236.32195
245.42195,245.22195,245.62195,245.22195,244.62195,243.72195,243.52194,243.62195,242.42195,242.62195,240.42195,239.62195,238.62195,238.42195,238.32195,235.22195,234.82195,234.12195,234.42195,236.22195,236.32195,235.52194,236.12195,236.02194,235.82195,235.22195,235.72195,234.22195,237.52194,231.52194,238.52194,239.92195,240.12195,233.22195,236.02194,238.72195,231.92195,232.72195,234.32195,232.62195,235.12195,238.32195,237.52194,239.32195,242.52194,238.72195,238.72195,239.52194,240.62195,240.12195,236.42195,237.52194,235.52194,234.92195,234.82195,236.02194,235.32195,235.52194,236.52194,237.62195
244.82195,244.02194,243.92195,243.32195,243.32195,243.52194,242.92195,243.02194,240.42195,239.32195,238.32195,239.42195,238.92195,238.32195,237.32195,237.72195,237.42195,238.52194,239.12195,239.62195,236.12195,236.52194,236.92195,236.52194,236.02194,239.22195,237.92195,238.22195,238.02194,237.12195,237.12195,240.22195,239.12195,238.52194,252.82195,231.72195,233.12195,232.72195,232.82195,237.82195,237.92195,237.62195,244.92195,250.72195,244.12195,252.32195,256.82196,256.12195,248.02194,245.92195,241.22195,243.72195,240.02194,240.82195,240.22195,240.62195,238.42195,237.02194,237.12195,237.22195
246.92195,243.42195,242.62195,242.52194,241.42195,243.02194,243.52194,242.22195,241.42195,241.32195,241.42195,241.42195,240.72195,240.42195,239.92195,239.72195,239.52194,239.12195,236.82195,236.42195,235.72195,236.42195,236.52194,236.62195,231.62195,235.32195,237.92195,238.82195,237.72195,236.42195,236.72195,237.42195,233.42195,234.92195,237.02194,234.22195,233.92195,236.02194,231.92195,231.02194,235.32195,239.32195,243.42195,243.72195,251.42195,252.62195,253.12195,249.42195,249.72195,246.22195,246.82195,245.62195,243.62195,241.22195,241.92195,244.12195,244.62195,241.62195,240.92195,239.72195
244.62195,248.52194,247.52194,249.62195,242.82195,243.32195,244.02194,242.72195,244.52194,244.32195,243.82195,240.12195,239.62195,244.82195,239.52194,241.42195,238.62195,239.42195,241.52194,238.42195,236.12195,238.32195,240.42195,240.82195,241.02194,239.42195,240.62195,238.72195,236.22195,233.72195,239.72195,238.62195,240.12195,238.52194,237.82195,238.32195,243.42195,244.62195,245.12195,247.62195,246.92195,246.92195,248.52194,247.82195,250.12195,250.52194,250.32195,249.92195,249.82195,248.82195,251.12195,253.12195,251.72195,247.52194,247.52194,248.72195,247.12195,247.32195,249.72195,251.32195
245.12195,245.02194,244.12195,244.42195,245.02194,242.82195,241.52194,243.62195,245.92195,243.52194,244.12195,244.42195,242.92195,241.12195,240.02194,241.82195,241.92195,241.52194,239.22195,239.92195,242.02194,244.02194,245.12195,240.52194,237.32195,237.32195,234.92195,241.52194,237.12195,234.72195,231.82195,236.62195,240.72195,240.32195,242.32195,245.32195,242.92195,245.52194,243.62195,241.22195,241.12195,251.42195,250.52194,249.02194,249.82195,251.32195,251.62195,251.12195,249.92195,248.52194,247.32195,248.72195,245.72195,245.62195,246.92195,245.82195,247.32195,247.52194,247.62195,250.82195
236.32195,235.72195,237.12195,242.12195,248.42195,246.02194,245.92195,247.82195,248.62195,249.62195,249.02194,248.02194,246.52194,246.02194,244.82195,243.82195,242.42195,240.02194,241.22195,242.62195,243.82195,242.12195,237.02194,240.32195,239.82195,234.92195,234.32195,232.82195,237.42195,238.62195,243.52194,245.02194,245.22195,243.82195,241.82195,241.22195,239.72195,240.72195,243.92195,243.12195,242.92195,246.62195,247.62195,249.02194,249.92195,251.22195,251.02194,250.42195,248.42195,248.62195,250.62195,251.22195,251.12195,251.22195,247.62195,246.92195,247.52194,248.12195,248.72195,251.32195
238.12195,235.52194,241.52194,243.42195,239.02194,240.12195,238.92195,239.52194,240.62195,240.72195,243.02194,245.62195,240.92195,241.22195,240.62195,239.22195,240.42195,240.22195,238.72195,243.02194,235.62195,234.52194,234.72195,240.72195,238.22195,236.12195,238.62195,239.02194,239.92195,240.52194,243.42195,236.72195,239.12195,237.22195,245.92195,236.92195,232.02194,236.52194,239.02194,242.52194,239.12195,242.82195,245.12195,247.32195,249.92195,248.72195,248.02194,249.92195,250.22195,249.12195,246.82195,245.82195,245.32195,245.42195,248.22195,252.52194,256.82196,256.12195,251.52194,253.42195
240.62195,238.02194,236.62195,233.22195,236.82195,237.82195,236.92195,235.52194,235.52194,236.42195,238.32195,239.32195,240.72195,238.82195,236.32195,237.32195,239.32195,240.32195,239.62195,236.62195,234.32195,232.12195,231.42195,231.82195,236.02194,225.82195,237.52194,239.12195,240.72195,239.12195,235.42195,227.52194,228.52194,235.62195,237.12195,230.92195,228.12195,232.22195,232.12195,232.52194,237.52194,234.02194,237.52194,243.42195,244.52194,244.72195,249.52194,249.02194,248.12195,248.72195,249.22195,249.72195,250.42195,250.62195,249.72195,250.72195,251.62195,251.52194,251.62195,252.82195
241.82195,242.32195,237.52194,239.42195,239.52194,239.72195,238.22195,235.72195,236.82195,237.82195,236.42195,235.32195,233.82195,235.92195,234.52194,234.92195,238.42195,238.12195,237.22195,237.42195,236.42195,235.52194,237.22195,235.22195,229.42195,227.72195,231.12195,232.82195,235.22195,235.82195,234.92195,234.62195,230.52194,225.52194,227.32195,227.42195,230.82195,231.82195,232.42195,239.12195,239.32195,240.82195,242.92195,242.22195,240.72195,240.92195,239.02194,237.92195,242.42195,247.02194,249.12195,248.62195,248.52194,249.62195,250.32195,251.32195,252.32195,253.52194,252.42195,252.32195
243.82195,244.52194,243.22195,237.12195,237.82195,236.22195,234.32195,235.42195,233.22195,236.42195,235.02194,235.52194,235.02194,233.02194,234.32195,235.12195,235.02194,234.92195,235.52194,235.22195,238.92195,238.02194,235.72195,235.22195,235.12195,231.72195,231.32195,227.52194,235.32195,234.42195,233.52194,232.52194,231.72195,231.52194,233.02194,262.52194,235.62195,236.02194,237.82195,239.52194,240.92195,240.22195,241.92195,239.42195,240.02194,240.12195,240.12195,238.52194,238.22195,239.32195,241.22195,248.12195,244.22195,249.62195,248.82195,249.72195,250.32195,251.12195,251.12195,251.12195
236.62195,240.42195,242.02194,244.12195,242.52194,240.02194,241.32195,234.32195,233.92195,236.02194,236.92195,237.22195,238.42195,238.12195,236.52194,232.12195,233.32195,233.72195,235.32195,238.42195,238.32195,234.42195,235.32195,234.82195,236.02194,237.62195,235.52194,233.32195,231.82195,232.42195,231.72195,231.22195,230.82195,230.92195,231.22195,229.82195,225.62195,230.42195,235.02194,238.52194,238.82195,238.02194,240.42195,240.52194,240.82195,238.82195,236.32195,235.42195,233.62195,232.82195,235.12195,236.32195,241.62195,244.32195,246.32195,245.92195,245.92195,244.62195,246.62195,248.82195
241.92195,237.92195,233.92195,235.92195,238.72195,239.62195,241.62195,240.82195,240.12195,239.42195,240.32195,240.92195,238.02194,235.52194,235.72195,236.72195,236.62195,238.82195,240.72195,240.12195,240.12195,238.22195,235.92195,237.32195,237.62195,236.42195,233.92195,229.62195,233.02194,234.92195,230.52194,233.12195,236.02194,234.12195,233.22195,225.82195,224.12195,226.42195,232.22195,234.62195,237.22195,239.52194,241.12195,239.32195,238.82195,239.82195,238.62195,240.52194,232.92195,230.92195,228.12195,228.82195,232.42195,235.82195,243.72195,240.02194,240.92195,240.72195,241.12195,241.32195
238.12195,238.72195,234.02194,237.52194,237.02194,236.92195,239.32195,238.12195,237.32195,237.42195,238.62195,239.52194,242.72195,235.82195,236.72195,236.52194,235.52194,235.82195,236.72195,237.12195,237.72195,237.52194,237.42195,237.02194,235.92195,232.52194,234.52194,232.52194,235.32195,234.72195,233.22195,233.32195,235.52194,237.22195,232.22195,230.42195,231.92195,231.12195,233.02194,235.42195,238.82195,240.62195,241.22195,241.52194,241.62195,241.62195,241.52194,239.22195,233.02194,235.32195,233.82195,235.62195,234.72195,231.72195,233.22195,234.72195,233.22195,241.02194,239.02194,239.22195
256.82196,252.52194,239.72195,238.12195,236.52194,235.92195,232.92195,234.12195,236.92195,234.42195,238.02194,239.52194,239.52194,240.32195,239.02194,237.82195,237.12195,236.92195,237.52194,237.52194,237.62195,237.92195,238.42195,237.12195,234.52194,236.32195,239.72195,239.02194,240.32195,240.22195,239.92195,237.12195,236.52194,236.92195,241.72195,241.22195,235.42195,235.82195,235.62195,235.72195,236.52194,237.32195,237.82195,239.12195,238.92195,238.32195,233.62195,231.72195,231.02194,232.82195,233.92195,236.82195,238.82195,241.42195,240.92195,242.52194,241.52194,238.12195,239.52194,241.32195
247.12195,248.52194,243.12195,240.92195,239.72195,239.62195,240.42195,240.02194,236.62195,236.02194,239.02194,239.72195,238.42195,240.62195,240.12195,239.32195,238.62195,238.52194,238.22195,238.32195,238.02194,238.02194,237.62195,237.42195,237.52194,240.12195,242.52194,242.22195,241.72195,241.62195,241.22195,241.52194,242.02194,244.12195,242.72195,242.52194,239.72195,241.92195,239.82195,238.12195,237.42195,236.82195,236.32195,234.42195,230.42195,233.32195,234.82195,232.02194,233.22195,239.22195,233.02194,231.52194,235.02194,239.32195,243.62195,242.52194,243.82195,242.92195,242.42195,242.42195
