src/assets/data/latest.json
{"header": {"discipline":0,"disciplineName":"Meteorological products","gribEdition":2,"gribLength":77985,"center":7,"centerName":"US National Weather Service - NCEP(WMC)","subcenter":0,"refTime":"2023-01-30T18:00:00.000Z","significanceOfRT":1,"significanceOfRTName":"Start of forecast","productStatus":0,"productStatusName":"Operational products","productType":1,"productTypeName":"Forecast products","productDefinitionTemplate":0,"productDefinitionTemplateName":"Analysis/forecast at horizontal level/layer at a point in time","parameterCategory":2,"parameterCategoryName":"Momentum","parameterNumber":2,"parameterNumberName":"U-component_of_wind","parameterUnit":"m.s-1","genProcessType":2,"genProcessTypeName":"Forecast","forecastTime":0,"surface1Type":103,"surface1TypeName":"Specified height level above ground","surface1Value":10.0,"surface2Type":255,"surface2TypeName":"Missing","surface2Value":0.0,"gridDefinitionTemplate":0,"gridDefinitionTemplateName":"Latitude_Longitude","numberPoints":65160,"shape":6,"shapeName":"Earth spherical with radius of 6,371,229.0 m","gridUnits":"degrees","resolution":48,"winds":"true","scanMode":0,"nx":360,"ny":181,"basicAngle":0,"lo1":0.0,"la1":90.0,"lo2":359.0,"la2":-90.0,"dx":1.0,"dy":1.0}, "data":
[rows 50 to 74 of 181, columns 0 to 57 of 360]
1.1319067,2.5419068,4.581907,8.421906,5.771907,9.001906,9.211906,7.9919066,7.3619065,2.4219067,3.3119068,3.4519067,6.691907,10.301907,8.121906,6.1619067,2.5819068,3.2019067,1.1119068,2.3319068,-1.4580933,0.9719067,0.38190675,1.4819068,0.25190675,-1.2980933,-3.2680933,-0.17809325,0.34190673,1.3219067,-0.15809326,0.11190674,-1.3080933,-1.5780933,-0.34809327,-1.5480933,-1.6880933,-1.4680933,-0.68809325,-0.94809324,-1.7180933,-1.0280932,-2.1980932,-0.56809324,-0.48809326,-2.5680933,-0.32809326,-0.41809326,-2.1980932,-2.1680932,-0.23809326,-3.1380932,-2.6280932,-0.30809325,-1.3780932,-1.2080933,-2.5580933,-1.7180933
-2.8780932,1.3419068,2.8419068,5.3919067,2.2919068,3.3319068,3.9719067,4.901907,6.4519067,3.9719067,10.431907,6.6819067,5.4919066,6.9919066,8.751906,7.3719068,5.021907,0.34190673,2.9519067,4.9119067,5.3619065,2.2719069,1.6919067,-0.20809326,3.8919067,0.44190675,0.10190674,-2.2980933,-0.72809327,0.83190674,0.39190674,-0.9580933,-1.9780933,-1.9980932,-0.6580933,-0.63809323,-1.4180932,-1.3280933,-1.5580933,-2.2680933,-1.8480933,-1.3580933,-1.3980932,-1.1780933,-0.78809327,-0.74809325,-0.11809326,0.46190673,-0.7080933,-3.6280932,-2.5380933,-3.7480934,-3.8780932,-2.3980932,-1.1680932,-0.7080933,-0.99809325,-3.7580934
-0.5180933,-0.42809325,-0.46809328,0.71190673,0.05190674,0.22190674,2.8019068,4.1819067,5.2419066,7.2019067,9.581906,9.1319065,5.981907,2.3619068,3.1119068,2.6719067,2.3419068,8.841907,4.7219067,7.501907,5.2819066,3.3919067,1.3719068,-0.21809326,1.2019067,1.3419068,1.7819067,0.62190676,1.0119067,0.52190673,2.5919068,2.4319067,-1.0380932,-1.9280933,-0.8280933,-0.27809325,-0.31809327,0.39190674,-0.41809326,-1.5480933,-1.8880932,-3.6580932,1.1119068,-1.5580933,-0.048093263,0.39190674,-0.27809325,-2.4180932,0.9119067,1.0519067,-3.4580932,-3.4580932,-3.9480932,-3.2280931,-1.5780933,-2.5480933,-3.0580933,-3.0180933
-4.8680935,-4.4880934,-3.3380933,0.48190674,3.2819068,5.2019067,5.5119066,5.501907,5.3019066,3.6219068,2.8619068,3.6319067,4.001907,4.1619067,1.1319067,3.2019067,2.7419066,4.211907,5.711907,5.921907,5.521907,4.311907,1.4319067,0.27190673,-0.5980933,1.0919068,3.7119067,3.6819067,1.9719068,0.09190674,1.6819067,-1.6380932,0.06190674,-1.3180933,-1.5980933,-0.50809324,-1.9280933,-1.3780932,-0.43809327,-1.3180933,-0.47809327,-1.2880932,-3.7780933,-3.0180933,-0.39809325,3.0519068,-0.60809326,0.44190675,0.09190674,-0.34809327,0.32190675,-4.2980933,-5.328093,-5.8780932,-3.4180932,-0.69809324,-0.9080933,-1.9080932
-3.3880932,-1.0080932,-0.6480933,0.31190673,0.36190674,0.95190674,-1.6480932,-0.36809325,0.9019067,0.55190676,4.441907,1.0519067,1.7119068,3.8919067,5.6419067,6.2019067,6.6619067,5.7619066,5.901907,4.7419066,5.0119066,5.5119066,4.921907,1.9419067,1.2519068,2.7019067,4.541907,6.171907,7.001907,9.321907,11.711906,8.961906,2.1619067,-2.2680933,0.15190674,4.3019066,-0.23809326,-2.4980934,-3.1380932,-2.4080932,-0.15809326,-5.2380934,-5.7380934,-5.5680933,-0.32809326,0.26190674,0.07190674,-0.33809325,-1.0180932,-1.5080932,-2.6580932,-0.54809326,2.0619068,1.4819068,-0.41809326,-3.1480932,-1.8780932,-4.398093
-0.8980933,-2.0080934,-1.3380933,0.03190674,1.1419067,2.9619067,0.75190675,-0.44809327,-0.08809326,1.1819067,1.1319067,1.6019068,2.0519068,3.6019068,4.231907,5.7619066,4.1619067,3.4519067,3.8419068,3.7819068,5.441907,4.651907,4.8819065,2.3819067,1.6719067,0.51190674,2.4419067,7.2019067,7.0319066,9.891907,10.051907,7.461907,7.1319065,1.4219067,-0.60809326,2.4119067,0.7819067,3.7119067,4.9719067,6.421907,-0.92809325,-2.6080933,0.32190675,-1.1880933,-4.228093,-2.2580934,-1.9180932,0.50190675,0.05190674,-1.7780932,0.26190674,-1.0180932,1.6419067,-0.34809327,-1.2780932,-4.0680933,-3.0280933,-6.0680933
-3.0180933,-2.0980933,-1.2080933,-1.1380932,0.081906736,0.8519067,1.3819067,1.0919068,4.541907,3.5619068,2.9019067,4.231907,2.6219068,2.4619067,2.3019068,1.7019067,1.2919067,1.5919068,1.9619068,1.8819067,3.2819068,2.0619068,0.70190674,1.4519067,1.0819068,1.8019067,-0.60809326,2.7419066,4.5519066,5.291907,7.081907,8.041906,7.4719067,7.811907,8.001906,4.4919066,2.1919067,-2.4080932,-0.9680933,-2.9480932,-2.7680933,-0.20809326,-2.1980932,-3.5980933,-5.5680933,-1.7580932,-2.5480933,-2.1980932,-0.46809328,1.8419068,-1.8280933,1.2719067,-2.1880932,2.9719067,-0.81809324,-1.2580932,-2.7780933,-1.5780933
-1.1980933,-2.1280932,-1.7180933,-0.41809326,-2.2980933,-1.7480932,-1.7880932,1.7019067,2.5319068,1.3819067,3.3819067,0.50190675,3.9419067,4.941907,3.7519066,2.1919067,-0.31809327,-0.32809326,1.0419067,1.4419067,1.1119068,2.9919066,4.981907,6.5519066,5.8019066,4.5519066,5.941907,5.1119065,6.5119066,8.371906,9.871906,10.481907,9.841907,8.761907,6.7819066,3.3619068,3.2019067,5.6619067,5.771907,2.8419068,0.27190673,0.24190673,-2.4980934,-1.2480932,-6.1080933,-8.478093,-11.018093,-2.4880934,-2.8580933,-1.1180933,1.3319068,-0.15809326,-1.0380932,2.4919066,-0.46809328,-0.43809327,0.7319067,0.81190675
-2.5080934,-2.3980932,-1.4480933,-0.93809325,-1.4880933,-2.4980934,-1.2580932,-2.1780932,0.05190674,-0.7780933,0.9219067,-0.8280933,0.83190674,2.7619066,3.2819068,4.1119065,1.9119067,-0.97809327,-0.5980933,0.7919067,2.5619068,4.8619065,5.8619065,5.481907,8.541906,9.671906,11.931907,11.621906,12.301907,11.751906,13.521907,10.521907,10.391907,9.101907,7.021907,1.6019068,5.421907,5.8019066,4.7819066,3.7919068,4.0719066,1.8819067,-2.5880933,-2.8280933,-3.5380933,-5.3880935,-9.998094,-7.2980933,-7.148093,-4.418093,-1.5680933,1.8719068,1.5319067,0.7919067,2.0719068,-0.97809327,1.4519067,-0.31809327
-4.098093,-3.0380933,-2.1180933,-3.2280931,-2.8680933,-2.1380932,-1.8980932,-1.3180933,-1.0280932,-0.5780933,0.7919067,1.1219068,-1.0780933,1.7219068,0.07190674,2.5319068,3.1319067,7.2019067,8.311907,9.431907,8.191907,4.8219066,7.291907,8.121906,7.271907,4.5719066,5.421907,5.771907,6.3019066,11.281907,4.311907,3.2119067,4.561907,4.5519066,2.9419067,2.6919067,3.8919067,5.541907,2.5419068,1.7519068,2.6619067,2.9119067,-0.26809326,1.8519068,-3.5680933,-3.8880932,-7.078093,-7.6380935,-8.478093,-7.578093,-2.5580933,-0.098093264,2.2719069,-2.6380932,-2.0180933,3.1119068,-0.24809326,4.521907
-4.308093,-3.4280932,-3.7780933,-4.228093,-3.2080932,-2.5480933,-2.3080933,-1.4580933,-0.05809326,0.03190674,0.13190673,2.6819067,0.40190673,0.081906736,-0.35809326,2.5819068,2.8619068,3.7319067,5.7019067,5.8719068,5.7619066,4.2219067,6.331907,8.661907,7.791907,8.471907,6.081907,5.671907,6.191907,4.1319065,3.8419068,2.5619068,4.5119066,1.8019067,1.9619068,2.0019066,2.9419067,3.2919068,-0.88809323,0.41190675,2.6619067,4.211907,3.2719069,-1.1580932,0.41190675,2.1219068,-1.2580932,-5.708093,-6.1280932,-7.1380935,-7.308093,-1.6980933,1.5819068,1.5419067,1.2319068,0.70190674,2.7719069,-1.1480932
-2.2180932,-3.4580932,-4.4480934,-3.5380933,-3.7080932,-2.9080932,-2.6580932,-1.8380933,-1.9580933,-0.86809325,-0.78809327,1.1719067,1.8719068,1.1519067,0.011906738,-0.19809327,1.5219067,3.2819068,3.7119067,3.5719068,3.6219068,4.001907,4.061907,5.081907,5.691907,5.0919065,5.4919066,5.2219067,4.311907,4.231907,3.5419068,2.3919067,2.2519066,-0.18809326,3.7919068,-0.68809325,2.3119068,2.9219067,4.021907,2.3619068,2.6519067,0.94190675,2.0219069,1.5619067,1.7019067,0.69190675,-1.1480932,-2.1480932,-4.308093,-7.668093,-6.708093,-1.7480932,-2.3280933,0.19190674,-0.9080933,1.1919067,-1.2280933,0.7919067
-2.0380933,-3.4780931,-4.5280933,-4.6380935,-3.3680933,-3.1880932,-3.1780932,-2.8580933,-2.9280932,-2.4980934,-1.8180933,-1.4980932,0.70190674,0.121906735,0.9719067,-0.5780933,-0.48809326,0.21190673,3.3119068,1.9019067,2.5519068,2.5119066,2.8519068,2.1219068,3.4019067,3.0319068,3.3819067,3.1319067,3.2019067,2.8419068,2.5919068,1.1219068,1.2319068,2.7719069,2.9519067,1.5719067,2.5619068,5.5319066,6.921907,5.3619065,4.7819066,5.941907,3.6819067,0.15190674,0.64190674,0.25190675,-0.5780933,-1.0680933,-2.0780933,-5.2780933,-6.2980933,-5.098093,-1.5380932,0.16190673,0.62190676,-0.40809327,0.37190673,-0.44809327
-3.2080932,-3.4880934,-3.8280933,-4.688093,-5.268093,-4.998093,-3.6680932,-3.3580933,-4.2380934,-3.7080932,-2.5580933,-3.1580932,-1.0880933,-1.7880932,-1.2680932,-0.72809327,0.06190674,1.5419067,-1.1280932,-1.0080932,0.36190674,2.3819067,0.8419067,0.96190673,1.6419067,1.4819068,1.6819067,0.7319067,1.8019067,1.2219068,1.9419067,1.8919067,2.1419067,1.3419068,6.3919067,5.5119066,1.7119068,3.5219069,2.5919068,5.2219067,3.8519068,4.5119066,1.6119068,2.2319067,1.1019068,0.121906735,-0.14809327,-0.37809327,-1.0880933,-2.0080934,-4.6980934,-5.1780934,-2.9680932,-0.17809325,0.38190675,-0.78809327,0.47190675,-0.20809326
-2.6480932,-1.0680933,-1.6980933,-3.3480933,-1.9080932,-3.8480933,-4.808093,-4.8880935,-3.5080934,-4.0080934,-3.9380932,-3.3180933,-3.7380934,-2.5980933,-2.8380933,-2.3780932,-0.30809325,1.0619067,-4.4280934,-2.6680932,-0.61809325,-0.008093262,-0.85809326,-0.42809325,0.7819067,-0.55809325,0.13190673,0.07190674,0.09190674,0.26190674,0.43190673,1.3019067,4.3219066,4.3219066,-1.1080933,2.0719068,0.89190674,-1.5080932,2.9019067,2.3419068,4.8619065,4.7219067,3.3719068,1.2119068,0.7919067,-0.018093262,-0.5780933,-0.08809326,-0.25809327,-0.74809325,-1.1280932,-3.6180933,-2.8080933,-0.99809325,0.75190675,1.4119067,0.11190674,0.09190674
-1.7580932,-0.47809327,0.44190675,-0.19809327,-3.3880932,-0.55809325,-3.8880932,-0.7780933,-0.06809326,-3.3080933,-0.61809325,-4.0080934,-3.2780933,-2.6780932,-2.2680933,-2.5180933,-3.0680933,-4.498093,-2.5880933,-2.7580934,-1.9180932,-1.4780933,-0.46809328,-0.27809325,-1.3680933,-1.8180933,-1.3480933,-1.2980933,0.121906735,-0.028093262,-0.81809324,-0.56809324,3.5119066,2.4319067,1.3619068,2.6319067,-2.7080932,-4.2780933,1.1219068,-0.34809327,2.7619066,4.8019066,2.3519068,1.5219067,1.3419068,0.42190674,-0.6580933,-1.0880933,0.03190674,-0.32809326,-0.12809326,-1.9580933,-3.1880932,-2.3780932,-1.2680932,-0.36809325,-0.8480933,-0.6580933
-1.0980933,0.09190674,0.96190673,2.3519068,0.75190675,2.6019068,-0.38809326,1.7219068,-3.4880934,-0.12809326,-4.308093,-2.9980934,-2.3980932,-3.0080934,-2.1980932,-4.0280933,-2.9480932,-3.3180933,-3.5380933,-3.5480933,-2.3980932,-1.0180932,-0.10809326,-0.11809326,-1.4580933,-4.6280932,-1.9380933,-0.9580933,-0.7180933,-0.24809326,-0.45809326,0.45190674,3.0719068,2.2619066,3.7919068,1.4619068,-4.728093,-4.6380935,-2.8180933,1.2719067,4.731907,4.601907,1.3919067,0.16190673,1.8419068,-0.24809326,-0.67809325,0.48190674,-0.37809327,-0.5180933,-0.44809327,-0.6580933,-0.97809327,-3.0480933,-2.1880932,0.52190673,-0.07809326,-1.9180932
-1.0280932,-0.34809327,1.3419068,0.48190674,1.9919068,3.0519068,0.7919067,-1.2980933,-4.2180934,-3.7180932,-2.0080934,-4.5680933,-2.8380933,-2.0280933,-2.2080932,-5.4080935,-3.2480934,-3.1580932,-2.5180933,-3.1880932,-3.2380934,-1.9880933,-0.24809326,-0.80809325,0.34190673,2.2219067,-1.5080932,-1.3280933,-1.3980932,0.11190674,0.34190673,0.24190673,2.5919068,3.7019067,2.4619067,-2.1380932,-7.2580934,-4.148093,-1.8480933,-0.20809326,5.291907,5.1419067,0.06190674,-1.1480932,1.1419067,-0.79809326,-2.0580933,-1.2480932,-0.69809324,-1.1380932,-1.7280933,-1.3580933,-1.3280933,-0.7680933,-1.7880932,-0.37809327,1.7819067,-0.73809326
-1.5580933,-0.13809326,1.2619067,0.88190675,2.5019066,-0.22809327,-2.0880933,-3.2080932,-3.9780931,-2.4380932,-3.0180933,-2.4280932,-4.478093,-1.2580932,-0.75809324,-4.5080934,-4.418093,-2.4880934,-0.16809326,0.6719067,-3.1680932,-0.8480933,-1.8680933,-0.93809325,0.81190675,0.61190677,1.5519067,-1.7680932,-1.4080932,-0.94809324,0.17190674,3.1019068,2.0419068,1.6419067,3.8519068,-1.4380933,0.55190676,-1.9980932,-1.2580932,0.5419067,2.4319067,4.2019067,-3.2880933,-1.9980932,-2.5880933,-1.5080932,-2.0180933,-1.7180933,-2.0980933,-1.4880933,-1.7680932,-2.3980932,-1.4080932,-1.0380932,-1.2680932,-1.2880932,0.74190676,0.06190674
-1.7780932,-0.28809327,0.13190673,1.8419068,2.1119068,-0.28809327,-1.5980933,-1.9180932,-3.0280933,-3.4480932,-0.94809324,-0.048093263,0.95190674,-2.1480932,-0.8380933,2.9119067,2.0419068,-0.19809327,1.1119068,-1.0280932,-1.9180932,-1.0580933,-2.3080933,-0.15809326,-0.79809326,2.4119067,2.6819067,1.2419068,1.1819067,-0.8480933,1.1419067,1.3219067,1.3119067,3.0319068,2.2819068,0.30190673,-2.9680932,-1.3080933,-1.2680932,-1.5080932,-0.23809326,0.24190673,-3.3680933,-3.7680933,-3.3780932,-3.7480934,-3.4780931,-2.8680933,-2.8980932,-2.5080934,-3.1180933,-2.6880932,-2.4680932,-1.1880933,-2.6580932,-3.0380933,-0.5980933,-1.4380933
-1.5980933,-0.9580933,0.23190674,-0.54809326,-1.1380932,0.5319067,0.10190674,-0.19809327,-0.12809326,-2.2580934,-0.73809326,0.39190674,1.1219068,1.7819067,-0.44809327,2.6819067,2.2919068,2.5319068,3.0419068,-2.9480932,-1.4180932,-2.5380933,-1.5380932,-0.8280933,0.52190673,1.5419067,2.1319067,0.76190674,0.02190674,-1.0980933,0.26190674,-0.27809325,0.37190673,3.2619066,0.23190674,-1.9280933,-4.1280932,-1.2880932,-2.7480934,-4.3780932,-3.6880932,0.51190674,1.8919067,-3.3180933,-4.1180935,-4.6280932,-3.9480932,-3.4880934,-3.5880933,-3.8180933,-3.8280933,-3.4580932,-2.7480934,-1.3880932,-2.1080933,-2.2580934,-3.2480934,-2.1280932
-0.40809327,0.9819067,-0.46809328,-0.88809323,-0.66809326,-0.24809326,0.76190674,1.6919067,0.7919067,-1.4380933,-1.1280932,-0.39809325,1.4619068,-0.08809326,0.22190674,1.5619067,2.0219069,2.6819067,3.1419067,-3.0880933,-2.8980932,-1.5980933,-0.69809324,-0.008093262,2.9519067,0.03190674,-0.45809326,0.94190675,-1.2080933,-2.7480934,1.9719068,-1.4580933,1.2819067,-0.10809326,-0.39809325,-0.12809326,-3.4980934,-1.4380933,-4.0480933,-5.6580935,-6.2980933,-3.0980933,1.1819067,-2.8780932,-2.1680932,-3.5380933,-4.4080935,-4.098093,-4.2780933,-4.418093,-4.668093,-4.2580934,-3.5280933,-3.5580933,-2.9280932,-3.6780932,-3.2380934,-3.0880933
-1.1680932,1.2119068,-2.3880932,-0.5280933,0.0019067383,-0.6480933,0.16190673,1.3819067,2.1019068,-1.7580932,-2.7280931,-1.2280933,0.23190674,0.82190675,-0.03809326,1.1319067,1.9419067,2.3919067,2.8319068,-2.8180933,-1.3480933,0.25190675,2.0319068,2.2219067,2.7319067,-2.8580933,-0.72809327,-0.50809324,-1.5680933,-2.0280933,-1.5780933,-0.27809325,1.3019067,-2.2580934,-0.36809325,1.2519068,-6.0880933,-2.0380933,-1.9080932,-5.1080933,-6.2580934,-6.098093,-1.9280933,0.56190675,-0.54809326,-4.1080933,-4.2780933,-4.788093,-4.308093,-4.5680933,-4.7580934,-3.7380934,-4.4480934,-4.0680933,-3.0980933,-3.5480933,-3.0480933,-5.0480933
0.07190674,-0.75809324,-1.1580932,-1.7580932,-1.2380933,-0.46809328,0.48190674,0.9019067,1.7219068,0.29190674,-3.0180933,-0.47809327,0.51190674,-0.10809326,0.58190674,0.9119067,1.0219067,2.2319067,1.6419067,-1.7780932,-0.36809325,0.94190675,1.3019067,3.5719068,-2.7980933,-3.1980932,-1.6980933,-2.9480932,-2.2380934,-1.5880933,-1.1480932,-2.5080934,-1.0080932,-0.63809323,-1.7380933,1.4519067,-3.5580933,-2.8580933,0.11190674,-2.8180933,-4.9880934,-6.188093,-5.6280932,0.89190674,0.29190674,-1.5280932,-2.8580933,-4.5280933,-2.5280933,-2.3880932,-4.4280934,-3.0280933,-0.86809325,-0.16809326,-0.74809325,-4.0880933,-5.0280933,-5.8580933
0.50190675,-0.56809324,-1.8280933,-2.8280933,-1.5080932,-0.63809323,-0.72809327,1.7219068,1.7519068,1.5119067,-2.2280931,0.15190674,0.09190674,0.9019067,0.74190676,-0.42809325,0.26190674,0.42190674,-0.26809326,0.07190674,0.7319067,1.1819067,0.61190677,-1.2580932,-3.9380932,-1.8280933,-2.0880933,-3.2680933,-1.9880933,-2.7080932,-2.1880932,-2.4180932,-1.8980932,0.011906738,1.5919068,-1.2380933,0.10190674,-1.6780933,-0.7780933,-1.6180933,-3.7180932,-6.9680934,-5.5080934,0.77190673,0.6519067,-3.1980932,-2.9880934,-3.8180933,-3.1680932,0.50190675,-3.9680932,-2.5680933,-1.5880933,-4.788093,-5.4480934,-6.3180933,-6.0880933,-6.7780933
